36
0 8 1 
0 13 1 
1 9 1 
1 12 1 
1 14 1 
2 6 1 
2 10 1 
2 13 1 
2 15 1 
3 7 1 
3 11 1 
3 14 1 
3 16 1 
4 8 1 
4 15 1 
4 17 1 
5 9 1 
5 16 1 
6 14 1 
6 19 1 
7 15 1 
7 18 1 
7 20 1 
8 12 1 
8 16 1 
8 19 1 
8 21 1 
9 13 1 
9 17 1 
9 20 1 
9 22 1 
10 14 1 
10 21 1 
10 23 1 
11 15 1 
11 22 1 
12 20 1 
12 25 1 
13 21 1 
13 24 1 
13 26 1 
14 18 1 
14 22 1 
14 25 1 
14 27 1 
15 19 1 
15 23 1 
15 26 1 
15 28 1 
16 20 1 
16 27 1 
16 29 1 
17 21 1 
17 28 1 
18 26 1 
18 31 1 
19 27 1 
19 30 1 
19 32 1 
20 24 1 
20 28 1 
20 31 1 
20 33 1 
21 25 1 
21 29 1 
21 32 1 
21 34 1 
22 26 1 
22 33 1 
22 35 1 
23 27 1 
23 34 1 
24 32 1 
25 33 1 
26 30 1 
26 34 1 
27 31 1 
27 35 1 
28 32 1 
29 33 1